# oST version 5.0 parameters


[image]

width
640

height
480

[narrow_stereo]

camera matrix
565.234294 0.000000 312.963353
0.000000 565.952519 262.630969
0.000000 0.000000 1.000000

distortion
-0.396959 0.119176 -0.007615 0.003161 0.000000

rectification
1.000000 0.000000 0.000000
0.000000 1.000000 0.000000
0.000000 0.000000 1.000000

projection
477.933258 0.000000 312.818488 0.000000
0.000000 520.408264 263.092381 0.000000
0.000000 0.000000 1.000000 0.000000
